wavenumber kappa
0.005 0.0
0.005 0.05
0.005 0.1
0.005 0.15
0.005 0.2
0.005 0.25
0.005 0.3
0.005 0.35
0.005 0.4
0.005 0.45
0.005 0.5
0.005 0.55
0.005 0.6
0.005 0.65
0.005 0.7
0.005 0.75
0.005 0.8
0.005 0.85
0.005 0.9
0.005 0.95
0.055 0.0
0.055 0.05
0.055 0.1
0.055 0.15
0.055 0.2
0.055 0.25
0.055 0.3
0.055 0.35
0.055 0.4
0.055 0.45
0.055 0.5
0.055 0.55
0.055 0.6
0.055 0.65
0.055 0.7
0.055 0.75
0.055 0.8
0.055 0.85
0.055 0.9
0.055 0.95
0.105 0.0
0.105 0.05
0.105 0.1
0.105 0.15
0.105 0.2
0.105 0.25
0.105 0.3
0.105 0.35
0.105 0.4
0.105 0.45
0.105 0.5
0.105 0.55
0.105 0.6
0.105 0.65
0.105 0.7
0.105 0.75
0.105 0.8
0.105 0.85
0.105 0.9
0.105 0.95
0.155 0.0
0.155 0.05
0.155 0.1
0.155 0.15
0.155 0.2
0.155 0.25
0.155 0.3
0.155 0.35
0.155 0.4
0.155 0.45
0.155 0.5
0.155 0.55
0.155 0.6
0.155 0.65
0.155 0.7
0.155 0.75
0.155 0.8
0.155 0.85
0.155 0.9
0.155 0.95
0.205 0.0
0.205 0.05
0.205 0.1
0.205 0.15
0.205 0.2
0.205 0.25
0.205 0.3
0.205 0.35
0.205 0.4
0.205 0.45
0.205 0.5
0.205 0.55
0.205 0.6
0.205 0.65
0.205 0.7
0.205 0.75
0.205 0.8
0.205 0.85
0.205 0.9
0.205 0.95
0.255 0.0
0.255 0.05
0.255 0.1
0.255 0.15
0.255 0.2
0.255 0.25
0.255 0.3
0.255 0.35
0.255 0.4
0.255 0.45
0.255 0.5
0.255 0.55
0.255 0.6
0.255 0.65
0.255 0.7
0.255 0.75
0.255 0.8
0.255 0.85
0.255 0.9
0.255 0.95
0.305 0.0
0.305 0.05
0.305 0.1
0.305 0.15
0.305 0.2
0.305 0.25
0.305 0.3
0.305 0.35
0.305 0.4
0.305 0.45
0.305 0.5
0.305 0.55
0.305 0.6
0.305 0.65
0.305 0.7
0.305 0.75
0.305 0.8
0.305 0.85
0.305 0.9
0.305 0.95
0.355 0.0
0.355 0.05
0.355 0.1
0.355 0.15
0.355 0.2
0.355 0.25
0.355 0.3
0.355 0.35
0.355 0.4
0.355 0.45
0.355 0.5
0.355 0.55
0.355 0.6
0.355 0.65
0.355 0.7
0.355 0.75
0.355 0.8
0.355 0.85
0.355 0.9
0.355 0.95
0.405 0.0
0.405 0.05
0.405 0.1
0.405 0.15
0.405 0.2
0.405 0.25
0.405 0.3
0.405 0.35
0.405 0.4
0.405 0.45
0.405 0.5
0.405 0.55
0.405 0.6
0.405 0.65
0.405 0.7
0.405 0.75
0.405 0.8
0.405 0.85
0.405 0.9
0.405 0.95
0.455 0.0
0.455 0.05
0.455 0.1
0.455 0.15
0.455 0.2
0.455 0.25
0.455 0.3
0.455 0.35
0.455 0.4
0.455 0.45
0.455 0.5
0.455 0.55
0.455 0.6
0.455 0.65
0.455 0.7
0.455 0.75
0.455 0.8
0.455 0.85
0.455 0.9
0.455 0.95
0.505 0.0
0.505 0.05
0.505 0.1
0.505 0.15
0.505 0.2
0.505 0.25
0.505 0.3
0.505 0.35
0.505 0.4
0.505 0.45
0.505 0.5
0.505 0.55
0.505 0.6
0.505 0.65
0.505 0.7
0.505 0.75
0.505 0.8
0.505 0.85
0.505 0.9
0.505 0.95
0.555 0.0
0.555 0.05
0.555 0.1
0.555 0.15
0.555 0.2
0.555 0.25
0.555 0.3
0.555 0.35
0.555 0.4
0.555 0.45
0.555 0.5
0.555 0.55
0.555 0.6
0.555 0.65
0.555 0.7
0.555 0.75
0.555 0.8
0.555 0.85
0.555 0.9
0.555 0.95
0.605 0.0
0.605 0.05
0.605 0.1
0.605 0.15
0.605 0.2
0.605 0.25
0.605 0.3
0.605 0.35
0.605 0.4
0.605 0.45
0.605 0.5
0.605 0.55
0.605 0.6
0.605 0.65
0.605 0.7
0.605 0.75
0.605 0.8
0.605 0.85
0.605 0.9
0.605 0.95
0.655 0.0
0.655 0.05
0.655 0.1
0.655 0.15
0.655 0.2
0.655 0.25
0.655 0.3
0.655 0.35
0.655 0.4
0.655 0.45
0.655 0.5
0.655 0.55
0.655 0.6
0.655 0.65
0.655 0.7
0.655 0.75
0.655 0.8
0.655 0.85
0.655 0.9
0.655 0.95
0.705 0.0
0.705 0.05
0.705 0.1
0.705 0.15
0.705 0.2
0.705 0.25
0.705 0.3
0.705 0.35
0.705 0.4
0.705 0.45
0.705 0.5
0.705 0.55
0.705 0.6
0.705 0.65
0.705 0.7
0.705 0.75
0.705 0.8
0.705 0.85
0.705 0.9
0.705 0.95
0.755 0.0
0.755 0.05
0.755 0.1
0.755 0.15
0.755 0.2
0.755 0.25
0.755 0.3
0.755 0.35
0.755 0.4
0.755 0.45
0.755 0.5
0.755 0.55
0.755 0.6
0.755 0.65
0.755 0.7
0.755 0.75
0.755 0.8
0.755 0.85
0.755 0.9
0.755 0.95
0.805 0.0
0.805 0.05
0.805 0.1
0.805 0.15
0.805 0.2
0.805 0.25
0.805 0.3
0.805 0.35
0.805 0.4
0.805 0.45
0.805 0.5
0.805 0.55
0.805 0.6
0.805 0.65
0.805 0.7
0.805 0.75
0.805 0.8
0.805 0.85
0.805 0.9
0.805 0.95
0.855 0.0
0.855 0.05
0.855 0.1
0.855 0.15
0.855 0.2
0.855 0.25
0.855 0.3
0.855 0.35
0.855 0.4
0.855 0.45
0.855 0.5
0.855 0.55
0.855 0.6
0.855 0.65
0.855 0.7
0.855 0.75
0.855 0.8
0.855 0.85
0.855 0.9
0.855 0.95
0.905 0.0
0.905 0.05
0.905 0.1
0.905 0.15
0.905 0.2
0.905 0.25
0.905 0.3
0.905 0.35
0.905 0.4
0.905 0.45
0.905 0.5
0.905 0.55
0.905 0.6
0.905 0.65
0.905 0.7
0.905 0.75
0.905 0.8
0.905 0.85
0.905 0.9
0.905 0.95
0.955 0.0
0.955 0.05
0.955 0.1
0.955 0.15
0.955 0.2
0.955 0.25
0.955 0.3
0.955 0.35
0.955 0.4
0.955 0.45
0.955 0.5
0.955 0.55
0.955 0.6
0.955 0.65
0.955 0.7
0.955 0.75
0.955 0.8
0.955 0.85
0.955 0.9
0.955 0.95
1.005 0.0
1.005 0.05
1.005 0.1
1.005 0.15
1.005 0.2
1.005 0.25
1.005 0.3
1.005 0.35
1.005 0.4
1.005 0.45
1.005 0.5
1.005 0.55
1.005 0.6
1.005 0.65
1.005 0.7
1.005 0.75
1.005 0.8
1.005 0.85
1.005 0.9
1.005 0.95
1.055 0.0
1.055 0.05
1.055 0.1
1.055 0.15
1.055 0.2
1.055 0.25
1.055 0.3
1.055 0.35
1.055 0.4
1.055 0.45
1.055 0.5
1.055 0.55
1.055 0.6
1.055 0.65
1.055 0.7
1.055 0.75
1.055 0.8
1.055 0.85
1.055 0.9
1.055 0.95
1.105 0.0
1.105 0.05
1.105 0.1
1.105 0.15
1.105 0.2
1.105 0.25
1.105 0.3
1.105 0.35
1.105 0.4
1.105 0.45
1.105 0.5
1.105 0.55
1.105 0.6
1.105 0.65
1.105 0.7
1.105 0.75
1.105 0.8
1.105 0.85
1.105 0.9
1.105 0.95
1.155 0.0
1.155 0.05
1.155 0.1
1.155 0.15
1.155 0.2
1.155 0.25
1.155 0.3
1.155 0.35
1.155 0.4
1.155 0.45
1.155 0.5
1.155 0.55
1.155 0.6
1.155 0.65
1.155 0.7
1.155 0.75
1.155 0.8
1.155 0.85
1.155 0.9
1.155 0.95
1.205 0.0
1.205 0.05
1.205 0.1
1.205 0.15
1.205 0.2
1.205 0.25
1.205 0.3
1.205 0.35
1.205 0.4
1.205 0.45
1.205 0.5
1.205 0.55
1.205 0.6
1.205 0.65
1.205 0.7
1.205 0.75
1.205 0.8
1.205 0.85
1.205 0.9
1.205 0.95
1.255 0.0
1.255 0.05
1.255 0.1
1.255 0.15
1.255 0.2
1.255 0.25
1.255 0.3
1.255 0.35
1.255 0.4
1.255 0.45
1.255 0.5
1.255 0.55
1.255 0.6
1.255 0.65
1.255 0.7
1.255 0.75
1.255 0.8
1.255 0.85
1.255 0.9
1.255 0.95
1.305 0.0
1.305 0.05
1.305 0.1
1.305 0.15
1.305 0.2
1.305 0.25
1.305 0.3
1.305 0.35
1.305 0.4
1.305 0.45
1.305 0.5
1.305 0.55
1.305 0.6
1.305 0.65
1.305 0.7
1.305 0.75
1.305 0.8
1.305 0.85
1.305 0.9
1.305 0.95
1.355 0.0
1.355 0.05
1.355 0.1
1.355 0.15
1.355 0.2
1.355 0.25
1.355 0.3
1.355 0.35
1.355 0.4
1.355 0.45
1.355 0.5
1.355 0.55
1.355 0.6
1.355 0.65
1.355 0.7
1.355 0.75
1.355 0.8
1.355 0.85
1.355 0.9
1.355 0.95
